Model Evaluation Report
============================================================

Train Accuracy: 96.96%
Validation Accuracy: 87.17%
Test Accuracy: 85.37%

Train Loss: 0.9467
Validation Loss: 1.2983
Test Loss: 1.3368

------------------------------------------------------------
Test Set Classification Report:
------------------------------------------------------------
                     precision    recall  f1-score   support

             Almond     0.0000    0.0000    0.0000         3
           Amaranth     1.0000    0.5000    0.6667         2
              Apple     1.0000    1.0000    1.0000         4
            Apricot     1.0000    1.0000    1.0000        12
           Arecanut     0.3333    0.3333    0.3333         3
          Asparagus     0.7500    1.0000    0.8571         3
            Avocado     0.9000    0.9000    0.9000        10
             Banana     0.8000    1.0000    0.8889         4
              Beans     1.0000    1.0000    1.0000        10
           Beetroot     0.8889    0.8889    0.8889         9
        Bell Pepper     0.7778    0.6364    0.7000        11
       Bitter Gourd     1.0000    1.0000    1.0000        11
        Black Berry     0.9000    1.0000    0.9474         9
      Black Current     0.8182    1.0000    0.9000         9
          Blueberry     1.0000    1.0000    1.0000         8
       Bottle Gourd     1.0000    1.0000    1.0000        10
            Brinjal     1.0000    0.8889    0.9412         9
           Broccoli     1.0000    1.0000    1.0000         8
            Cabbage     0.6667    1.0000    0.8000         8
           Capsicum     0.6364    0.7000    0.6667        10
           Cardamom     0.6000    1.0000    0.7500         3
             Carrot     1.0000    0.7500    0.8571         8
             Cashew     1.0000    1.0000    1.0000         8
        Cauliflower     1.0000    1.0000    1.0000         6
             Cherry     0.5000    0.2500    0.3333         4
             Chikoo     0.6667    0.6667    0.6667         3
             Chilli     1.0000    0.6667    0.8000         3
              Clove     1.0000    0.7500    0.8571         4
            Coconut     1.0000    0.7500    0.8571         4
       Coffee-plant     0.8000    1.0000    0.8889         4
               Corn     0.7778    1.0000    0.8750         7
             Cotton     1.0000    1.0000    1.0000         4
          Cranberry     0.6000    0.5000    0.5455         6
           Cucumber     1.0000    0.5000    0.6667         4
      Custard Apple     1.0000    1.0000    1.0000         8
              Dates     1.0000    0.7778    0.8750         9
       Dragon Fruit     1.0000    1.0000    1.0000         8
         Elderberry     0.8571    0.8182    0.8372        22
                Fig     0.8571    0.8571    0.8571         7
   Fox_nut(Makhana)     1.0000    0.6667    0.8000         3
             Garlic     0.7778    1.0000    0.8750         7
             Ginger     1.0000    1.0000    1.0000         7
         Gooseberry     0.8182    1.0000    0.9000         9
               Gram     1.0000    0.7500    0.8571         4
             Grapes     1.0000    0.5000    0.6667         4
              Guava     0.6667    1.0000    0.8000         8
          Jackfruit     1.0000    1.0000    1.0000         8
              Jowar     0.8000    1.0000    0.8889         4
               Jute     0.5000    0.6667    0.5714         3
               Kiwi     1.0000    0.7500    0.8571         4
              Lemon     0.6667    0.6667    0.6667         3
            Lettuce     0.8571    0.5455    0.6667        11
             Litchi     1.0000    1.0000    1.0000         7
             Longan     0.6250    0.7143    0.6667         7
              Maize     1.0000    0.2500    0.4000         4
              Mango     0.8000    0.8000    0.8000         5
           Mushroom     1.0000    1.0000    1.0000         6
          Muskmelon     0.7000    1.0000    0.8235         7
        Mustard-oil     0.7500    1.0000    0.8571         3
               Okra     1.0000    1.0000    1.0000         6
              Olive     0.6667    1.0000    0.8000         6
              Onion     0.8000    0.6667    0.7273         6
             Orange     0.8000    1.0000    0.8889         4
             Papaya     1.0000    0.6667    0.8000         3
      Passion Fruit     1.0000    1.0000    1.0000         4
              Peach     1.0000    1.0000    1.0000         5
               Pear     1.0000    1.0000    1.0000         9
Pearl_millet(bajra)     1.0000    1.0000    1.0000         5
               Peas     0.9000    0.9000    0.9000        10
          Pineapple     1.0000    1.0000    1.0000         4
               Plum     1.0000    1.0000    1.0000         4
        Pomegranate     1.0000    1.0000    1.0000         6
             Potato     0.5000    0.5556    0.5263         9
            Pumpkin     1.0000    1.0000    1.0000         6
             Radish     0.4000    1.0000    0.5714         2
               Rice     1.0000    0.7500    0.8571         4
           Soyabean     1.0000    0.7500    0.8571         4
            Spinach     0.7143    0.6250    0.6667         8
         Strawberry     1.0000    0.7500    0.8571         4
          Sugarcane     0.8000    1.0000    0.8889         4
          Sunflower     0.7500    1.0000    0.8571         3
       Sweet Potato     0.7143    0.7143    0.7143         7
           Tamarind     1.0000    1.0000    1.0000         4
         Taro Roots     0.7500    1.0000    0.8571         3
                Tea     0.6000    1.0000    0.7500         3
              Tinda     1.0000    1.0000    1.0000         2
      Tobacco-plant     0.5000    0.4000    0.4444         5
             Tomato     0.8750    0.8750    0.8750         8
             Turnip     1.0000    0.5455    0.7059        11
Vigna-radiati(Mung)     0.2857    0.6667    0.4000         3
         Watermelon     1.0000    1.0000    1.0000        10
          Wax Gourd     1.0000    0.6667    0.8000         9
              Wheat     1.0000    1.0000    1.0000         4
         Wood Apple     1.0000    1.0000    1.0000         2
                Yam     1.0000    0.5000    0.6667         2
           Zucchini     0.7500    1.0000    0.8571         3

           accuracy                         0.8537       581
          macro avg     0.8531    0.8383    0.8284       581
       weighted avg     0.8709    0.8537    0.8495       581
